	planar150             
             150
             850
            2239
       1      58        3042         306
      58       1        3042         306
       1     125        1746         384
     125       1        1746         384
       1     135         401         289
     135       1         401         289
       1     139         881         224
     139       1         881         224
       1     141        1769         235
     141       1        1769         235
       2      42        2353         273
      42       2        2353         273
       2      73        3170         186
      73       2        3170         186
       2      80       11665         258
      80       2       11665         258
       2      82        4562         370
      82       2        4562         370
       2     112        3492         360
     112       2        3492         360
       2     144        5297         173
     144       2        5297         173
       3      78        1872         191
      78       3        1872         191
       3      99         962         422
      99       3         962         422
       3     113        1717         276
     113       3        1717         276
       3     134         356         224
     134       3         356         224
       4      41         949         374
      41       4         949         374
       4      46        7376         251
      46       4        7376         251
       4      63        4490         234
      63       4        4490         234
       4      99       15952         303
      99       4       15952         303
       4     103        1360         222
     103       4        1360         222
       4     121        5338         270
     121       4        5338         270
       5      15        1073         192
      15       5        1073         192
       5      97          68         328
      97       5          68         328
       5     148        3202         324
     148       5        3202         324
       6      49         842         385
      49       6         842         385
       6      51        2153         302
      51       6        2153         302
       6      86        7252         278
      86       6        7252         278
       6      90         877         450
      90       6         877         450
       7      47        1189         329
      47       7        1189         329
       7      71        1381         298
      71       7        1381         298
       7     129        1570         358
     129       7        1570         358
       8      48        2797         289
      48       8        2797         289
       8      55        2749         268
      55       8        2749         268
       8      57        7085         405
      57       8        7085         405
       8     138       10034         320
     138       8       10034         320
       9      28        3701         293
      28       9        3701         293
       9      56       10909         388
      56       9       10909         388
       9      66        5882         442
      66       9        5882         442
       9      83        1226         430
      83       9        1226         430
       9      92        5760         203
      92       9        5760         203
       9      94         965         247
      94       9         965         247
       9     150        5437         342
     150       9        5437         342
      10     101         360         289
     101      10         360         289
      10     113        2353         297
     113      10        2353         297
      10     128         916         448
     128      10         916         448
      11      39         125         367
      39      11         125         367
      11      63        1378         236
      63      11        1378         236
      11     106        2440         377
     106      11        2440         377
      12      14        3089         385
      14      12        3089         385
      12      55        3205         404
      55      12        3205         404
      12      57          45         267
      57      12          45         267
      13      17         173         264
      17      13         173         264
      13     112         586         364
     112      13         586         364
      13     144        1313         454
     144      13        1313         454
      14      55         706         239
      55      14         706         239
      14      57        3560         324
      57      14        3560         324
      14      78        2329         254
      78      14        2329         254
      14     113        5000         424
     113      14        5000         424
      15      62        1960         449
      62      15        1960         449
      15      64        4640         373
      64      15        4640         373
      15      75        2516         419
      75      15        2516         419
      15      97        1125         365
      97      15        1125         365
      15     132        8658         275
     132      15        8658         275
      15     148        6197         260
     148      15        6197         260
      16      27        2920         280
      27      16        2920         280
      16      41        2000         238
      41      16        2000         238
      16      46        3341         373
      46      16        3341         373
      16      84        4217         182
      84      16        4217         182
      17      45          68         251
      45      17          68         251
      17      56        4261         351
      56      17        4261         351
      17     112         293         353
     112      17         293         353
      17     122        3365         168
     122      17        3365         168
      17     123        4745         173
     123      17        4745         173
      17     144        2196         253
     144      17        2196         253
      18      23        2754         326
      23      18        2754         326
      18      52        3898         315
      52      18        3898         315
      18     118         265         300
     118      18         265         300
      18     129        5300         447
     129      18        5300         447
      19      99        1013         449
      99      19        1013         449
      19     113         466         263
     113      19         466         263
      19     128        7465         198
     128      19        7465         198
      19     134         333         220
     134      19         333         220
      20      53       44829         173
      53      20       44829         173
      20      74        4357         427
      74      20        4357         427
      20      75        7218         341
      75      20        7218         341
      20      88       12905         427
      88      20       12905         427
      20      97       10565         269
      97      20       10565         269
      20     120       15529         297
     120      20       15529         297
      20     148       21709         160
     148      20       21709         160
      21      27        3625         374
      27      21        3625         374
      21      42        3944         371
      42      21        3944         371
      21      46       10368         161
      46      21       10368         161
      21      73        2601         208
      73      21        2601         208
      21     102        1657         197
     102      21        1657         197
      21     124        8458         245
     124      21        8458         245
      22      65         100         260
      65      22         100         260
      22      93         745         275
      93      22         745         275
      22     117         857         441
     117      22         857         441
      22     130         706         387
     130      22         706         387
      23      52        3664         238
      52      23        3664         238
      23      59        4936         166
      59      23        4936         166
      23      61        9220         310
      61      23        9220         310
      23     116       13941         255
     116      23       13941         255
      23     118        4297         245
     118      23        4297         245
      23     140        3653         400
     140      23        3653         400
      24      33       19645         377
      33      24       19645         377
      24      34        7208         280
      34      24        7208         280
      24      40        1417         461
      40      24        1417         461
      24      74       25325         279
      74      24       25325         279
      24      88       26253         355
      88      24       26253         355
      24     109        1693         222
     109      24        1693         222
      24     120       20005         431
     120      24       20005         431
      24     143        2756         177
     143      24        2756         177
      25      71        5449         257
      71      25        5449         257
      25      98      189032         318
      98      25      189032         318
      25     110       12346         393
     110      25       12346         393
      25     115         980         377
     115      25         980         377
      25     118       21101         358
     118      25       21101         358
      25     129       14642         354
     129      25       14642         354
      26      47       65026         229
      47      26       65026         229
      26      79        5953         428
      79      26        5953         428
      26      96         800         292
      96      26         800         292
      26     105        8917         236
     105      26        8917         236
      26     145       23440         165
     145      26       23440         165
      26     146        5330         309
     146      26        5330         309
      27      42        1885         369
      42      27        1885         369
      27      46        7225         378
      46      27        7225         378
      27      82        4338         423
      82      27        4338         423
      27      84        3709         339
      84      27        3709         339
      28      83        3217         323
      83      28        3217         323
      28      84        4825         375
      84      28        4825         375
      28     103        5585         441
     103      28        5585         441
      28     150         196         466
     150      28         196         466
      29      58         464         181
      58      29         464         181
      29     112        3362         345
     112      29        3362         345
      29     119        1466         315
     119      29        1466         315
      29     125         788         370
     125      29         788         370
      29     136         976         392
     136      29         976         392
      30      44          61         222
      44      30          61         222
      30      66        2000         259
      66      30        2000         259
      30      70        4586         355
      70      30        4586         355
      30      86        4329         441
      86      30        4329         441
      30     111        6845         422
     111      30        6845         422
      30     147        2218         430
     147      30        2218         430
      30     149        2129         324
     149      30        2129         324
      31      63       14170         477
      63      31       14170         477
      31      78        1882         429
      78      31        1882         429
      31      99        7592         434
      99      31        7592         434
      31     106       10816         323
     106      31       10816         323
      31     138          82         363
     138      31          82         363
      32      48       34549         339
      48      32       34549         339
      32      98          90         216
      98      32          90         216
      32     106        3770         257
     106      32        3770         257
      32     138       14312         350
     138      32       14312         350
      33      38        5140         309
      38      33        5140         309
      33      50        2929         366
      50      33        2929         366
      33      76        4420         370
      76      33        4420         370
      33      87        5402         364
      87      33        5402         364
      33      88        5956         379
      88      33        5956         379
      34      38        1973         353
      38      34        1973         353
      34      61       13481         385
      61      34       13481         385
      34      89        2770         181
      89      34        2770         181
      34     116       12064         417
     116      34       12064         417
      34     143        6148         398
     143      34        6148         398
      35      51        1601         196
      51      35        1601         196
      35      90        2545         338
      90      35        2545         338
      35      98        5077         423
      98      35        5077         423
      35     106        4901         371
     106      35        4901         371
      36      64        2176         314
      64      36        2176         314
      36     102         674         322
     102      36         674         322
      36     124        1405         290
     124      36        1405         290
      36     127         689         465
     127      36         689         465
      37      47        2458         169
      47      37        2458         169
      37      52        3589         285
      52      37        3589         285
      37     129        1769         226
     129      37        1769         226
      37     145       10804         239
     145      37       10804         239
      38      76        2120         466
      76      38        2120         466
      38      85        1250         235
      85      38        1250         235
      38      89         109         301
      89      38         109         301
      39      63        2273         455
      63      39        2273         455
      39      83        9437         334
      83      39        9437         334
      39      90        7141         431
      90      39        7141         431
      39     106        1825         298
     106      39        1825         298
      40      68         900         465
      68      40         900         465
      40     109        2628         272
     109      40        2628         272
      40     143         545         427
     143      40         545         427
      41      46        9661         283
      46      41        9661         283
      41      84        2777         373
      84      41        2777         373
      41     103         261         345
     103      41         261         345
      42      73        1445         179
      73      42        1445         179
      42      82        3277         178
      82      42        3277         178
      43      54       93029         403
      54      43       93029         403
      43      70      134693         479
      70      43      134693         479
      43      91        2330         344
      91      43        2330         344
      43     126        3524         345
     126      43        3524         345
      43     135        3825         306
     135      43        3825         306
      43     139        4225         307
     139      43        4225         307
      43     141       13005         381
     141      43       13005         381
      44      56        9090         199
      56      44        9090         199
      44      66        2341         192
      66      44        2341         192
      44     114        7345         295
     114      44        7345         295
      44     149        2314         224
     149      44        2314         224
      45     112          81         372
     112      45          81         372
      45     122        3217         184
     122      45        3217         184
      46      77       14164         311
      77      46       14164         311
      46     121         178         295
     121      46         178         295
      46     124       19402         322
     124      46       19402         322
      46     137        7892         266
     137      46        7892         266
      47      71        4100         264
      71      47        4100         264
      47     129        2125         193
     129      47        2125         193
      47     145       23354         440
     145      47       23354         440
      48      57       17714         307
      57      48       17714         307
      48      98       38077         240
      98      48       38077         240
      48     110       16641         418
     110      48       16641         418
      48     138       18097         217
     138      48       18097         217
      48     140       32434         332
     140      48       32434         332
      49      83        2825         291
      83      49        2825         291
      49      90        2125         435
      90      49        2125         435
      49      92        3349         242
      92      49        3349         242
      49      94         980         387
      94      49         980         387
      50      67        4205         179
      67      50        4205         179
      50      87        7445         316
      87      50        7445         316
      50      88        1745         260
      88      50        1745         260
      50     132        8306         397
     132      50        8306         397
      51      86       15145         193
      86      51       15145         193
      51      90         962         210
      90      51         962         210
      51     111       32345         380
     111      51       32345         380
      52      72        3332         312
      72      52        3332         312
      52     129        6698         462
     129      52        6698         462
      52     145        3253         423
     145      52        3253         423
      53      60       18245         254
      60      53       18245         254
      53     100        6154         312
     100      53        6154         312
      53     107        5749         203
     107      53        5749         203
      53     120      110938         184
     120      53      110938         184
      53     148        4258         427
     148      53        4258         427
      54      70        3844         391
      70      54        3844         391
      54     114        3700         402
     114      54        3700         402
      54     141       36482         433
     141      54       36482         433
      54     142       12077         347
     142      54       12077         347
      54     147        1924         392
     147      54        1924         392
      54     149        1025         166
     149      54        1025         166
      55      78        3649         405
      78      55        3649         405
      55     138        4813         463
     138      55        4813         463
      56      66       19357         433
      66      56       19357         433
      56     114        2545         179
     114      56        2545         179
      56     123        1588         371
     123      56        1588         371
      56     144        2989         310
     144      56        2989         310
      56     150        6682         244
     150      56        6682         244
      57      59        8585         281
      59      57        8585         281
      57     101       13949         316
     101      57       13949         316
      57     113        7760         340
     113      57        7760         340
      57     140        8500         238
     140      57        8500         238
      58     125        1620         450
     125      58        1620         450
      58     136         160         191
     136      58         160         191
      58     139        3341         375
     139      58        3341         375
      59      61        2564         271
      61      59        2564         271
      59     101       14216         213
     101      59       14216         213
      59     140        2465         168
     140      59        2465         168
      60      91       14426         173
      91      60       14426         173
      60      93        2074         196
      93      60        2074         196
      60     107        7018         316
     107      60        7018         316
      60     117        2468         446
     117      60        2468         446
      60     131       11773         437
     131      60       11773         437
      61      76        4896         410
      76      61        4896         410
      61      85        4250         402
      85      61        4250         402
      61      89        5777         317
      89      61        5777         317
      61     101       10420         163
     101      61       10420         163
      61     116       19825         411
     116      61       19825         411
      62      64        4360         373
      64      62        4360         373
      62     100        4909         206
     100      62        4909         206
      62     104         481         169
     104      62         481         169
      62     127        7717         284
     127      62        7717         284
      62     148        3313         452
     148      62        3313         452
      63      83        9970         314
      83      63        9970         314
      63      99       17474         377
      99      63       17474         377
      63     103        4706         266
     103      63        4706         266
      63     106        7114         278
     106      63        7114         278
      64     124        1325         207
     124      64        1325         207
      64     127        1249         382
     127      64        1249         382
      64     132        7154         417
     132      64        7154         417
      65     107        4337         357
     107      65        4337         357
      65     117        1537         358
     117      65        1537         358
      65     130         306         161
     130      65         306         161
      65     131        1000         347
     131      65        1000         347
      65     133        2978         441
     133      65        2978         441
      66      86         449         368
      86      66         449         368
      66      92        1754         187
      92      66        1754         187
      67      77        1234         387
      77      67        1234         387
      67      87        8720         412
      87      67        8720         412
      67     132        1629         316
     132      67        1629         316
      67     137        4306         405
     137      67        4306         405
      68     105        4106         324
     105      68        4106         324
      68     108        9146         470
     108      68        9146         470
      68     109        2664         303
     109      68        2664         303
      68     143        2081         188
     143      68        2081         188
      68     146        1985         280
     146      68        1985         280
      69      95        5777         443
      95      69        5777         443
      69     105        9857         450
     105      69        9857         450
      69     108        1037         321
     108      69        1037         321
      69     120       17753         160
     120      69       17753         160
      70     111        3809         463
     111      70        3809         463
      70     147         808         276
     147      70         808         276
      71     115        2341         204
     115      71        2341         204
      71     129        5657         362
     129      71        5657         362
      72     116        1745         271
     116      72        1745         271
      72     145         145         353
     145      72         145         353
      73      80        8233         256
      80      73        8233         256
      73     102        6196         469
     102      73        6196         469
      73     127       12157         336
     127      73       12157         336
      74      88       14978         355
      88      74       14978         355
      74     120        3610         469
     120      74        3610         469
      75      88        9749         218
      88      75        9749         218
      75      97        1901         467
      97      75        1901         467
      75     132        8570         245
     132      75        8570         245
      76      85         170         317
      85      76         170         317
      76      87        4226         443
      87      76        4226         443
      76     101        8452         388
     101      76        8452         388
      77     124        4442         323
     124      77        4442         323
      77     132         925         228
     132      77         925         228
      77     137        4520         259
     137      77        4520         259
      78      99        2234         176
      99      78        2234         176
      78     138        1544         463
     138      78        1544         463
      79      96        3145         228
      96      79        3145         228
      79     116        2257         375
     116      79        2257         375
      79     143        8905         238
     143      79        8905         238
      79     145        6505         355
     145      79        6505         355
      79     146        6661         457
     146      79        6661         457
      80     112       20233         461
     112      80       20233         461
      80     127       13770         347
     127      80       13770         347
      80     131        2000         438
     131      80        2000         438
      80     133        5098         427
     133      80        5098         427
      80     136        7577         463
     136      80        7577         463
      81     119         610         264
     119      81         610         264
      81     122        1066         211
     122      81        1066         211
      81     125        2260         461
     125      81        2260         461
      81     141        2405         195
     141      81        2405         195
      81     142        1642         203
     142      81        1642         203
      82      84        1129         346
      84      82        1129         346
      82     144        2125         247
     144      82        2125         247
      82     150        4420         374
     150      82        4420         374
      83      90        8420         460
      90      83        8420         460
      83      94         949         469
      94      83         949         469
      83     103        9280         195
     103      83        9280         195
      84     103        3380         404
     103      84        3380         404
      84     150        3341         388
     150      84        3341         388
      85      89         709         326
      89      85         709         326
      86      92         793         213
      92      86         793         213
      86     111        4292         207
     111      86        4292         207
      87     101        4226         198
     101      87        4226         198
      87     128        2210         358
     128      87        2210         358
      87     137        5930         300
     137      87        5930         300
      88     132       11097         472
     132      88       11097         472
      90     106        8068         318
     106      90        8068         318
      91     131       15925         446
     131      91       15925         446
      91     139       10585         462
     139      91       10585         462
      92      94        3797         296
      94      92        3797         296
      93     117         314         203
     117      93         314         203
      93     130        2417         194
     130      93        2417         194
      93     131        4105         183
     131      93        4105         183
      95     108        1928         327
     108      95        1928         327
      95     109        1898         286
     109      95        1898         286
      95     120        7162         167
     120      95        7162         167
      96     146        2610         401
     146      96        2610         401
      97     148        4082         175
     148      97        4082         175
      98     106        3620         317
     106      98        3620         317
      98     110      104770         412
     110      98      104770         412
      99     121       15138         216
     121      99       15138         216
      99     128       13352         421
     128      99       13352         421
      99     134         386         336
     134      99         386         336
     100     104        2644         467
     104     100        2644         467
     100     107        2493         247
     107     100        2493         247
     100     127        7380         225
     127     100        7380         225
     100     133        2344         429
     133     100        2344         429
     100     148        9684         399
     148     100        9684         399
     101     113        3541         375
     113     101        3541         375
     101     128        1060         240
     128     101        1060         240
     102     124        2897         366
     124     102        2897         366
     102     127        2501         342
     127     102        2501         342
     104     148        3088         282
     148     104        3088         282
     105     108        9800         229
     108     105        9800         229
     105     146        4033         406
     146     105        4033         406
     106     138       12706         331
     138     106       12706         331
     107     117        2050         436
     117     107        2050         436
     107     133        3265         440
     133     107        3265         440
     108     109        5186         202
     109     108        5186         202
     109     120       14240         455
     120     109       14240         455
     110     118       18269         399
     118     110       18269         399
     110     140       24565         304
     140     110       24565         304
     112     119        3536         298
     119     112        3536         298
     112     122        3460         243
     122     112        3460         243
     112     136        5450         458
     136     112        5450         458
     112     144        3653         317
     144     112        3653         317
     113     128        6093         263
     128     113        6093         263
     113     134        1105         193
     134     113        1105         193
     114     123         697         232
     123     114         697         232
     114     142        4013         342
     142     114        4013         342
     114     149        4385         191
     149     114        4385         191
     116     143       12564         187
     143     116       12564         187
     116     145        1616         258
     145     116        1616         258
     118     129        5345         191
     129     118        5345         191
     118     140        5570         270
     140     118        5570         270
     119     122        1444         278
     122     119        1444         278
     119     125         970         221
     125     119         970         221
     121     128       18050         213
     128     121       18050         213
     121     137        9722         331
     137     121        9722         331
     122     123        2900         180
     123     122        2900         180
     122     142         296         454
     142     122         296         454
     123     142        2020         383
     142     123        2020         383
     124     132        4097         479
     132     124        4097         479
     125     141        1229         384
     141     125        1229         384
     126     135         113         389
     135     126         113         389
     126     139          53         409
     139     126          53         409
     127     133        7780         257
     133     127        7780         257
     128     137        4516         284
     137     128        4516         284
     130     131         226         258
     131     130         226         258
     131     133        4258         326
     133     131        4258         326
     131     136       11737         304
     136     131       11737         304
     131     139       11530         387
     139     131       11530         387
     135     139         250         360
     139     135         250         360
     135     141        3690         248
     141     135        3690         248
     136     139        3973         446
     139     136        3973         446
     141     142        8009         474
     142     141        8009         474
     143     146        2682         360
     146     143        2682         360
     144     150        4505         345
     150     144        4505         345
     147     149         449         428
     149     147         449         428
     1    12           5
     1    25          11
     1    29          12
     1    35          10
     1    40           5
     1    76          12
     1    85           7
     1    94           9
     1   106           6
     1   108          11
     1   126          13
     1   132           5
     1   134           8
     1   144           9
     2     9          11
     2    20          10
     2    40          11
     2    41           5
     2    47          11
     2    53           6
     2    62           5
     2    64           5
     2    65           5
     2   110          11
     2   115           7
     2   121           3
     2   126          11
     2   128           9
     2   129           4
     2   138           7
     2   142          12
     2   147           7
     3     1          10
     3     9           3
     3    10           8
     3    19           7
     3    50           9
     3    55           4
     3    65          10
     3    69           4
     3    95           5
     3    98           5
     3   108           6
     4     1           7
     4     8           3
     4    10           3
     4    12          13
     4    29           3
     4    49          10
     4    67          12
     4    69           5
     4    72           9
     4    73           7
     4    78           3
     4    81           4
     4   114           3
     4   129           8
     4   132          12
     4   133          12
     5    13          13
     5    14          12
     5    37          13
     5    46           7
     5    52           9
     5    65          10
     5    75           9
     5    76          13
     5    86           9
     5   101           6
     5   109           5
     5   113          11
     5   123          11
     5   124          11
     5   128           9
     6     4           8
     6     8           3
     6    10           6
     6    24           6
     6    78           3
     6    84           5
     6    87          11
     6    90           6
     6    92           4
     6    94           5
     6   101           7
     6   110           9
     6   118          11
     6   121           3
     6   122           7
     6   127          13
     6   130          11
     6   149           6
     7    15           8
     7    25           4
     7    41           9
     7    61          13
     7    71           7
     7    88          11
     7    99           6
     7   113           4
     7   114          10
     7   132           7
     7   136           6
     7   141           5
     8    18          13
     8    19           5
     8    33           4
     8    59           7
     8    66           8
     8    67          11
     8    68          13
     8    77           3
     8   103           4
     8   105           4
     8   120           7
     8   124          13
     8   139          13
     8   140          13
     8   145           9
     8   149           9
     9     6           5
     9    11          11
     9    25           8
     9    37           9
     9    40           6
     9    68          10
     9    89          12
     9   102           7
     9   105          13
     9   108           3
     9   109           5
     9   113           5
     9   115          11
     9   121           5
     9   125          13
     9   126           6
     9   127           7
    10     8           6
    10    16           9
    10    21           3
    10    24          10
    10    25           4
    10    42           6
    10    46          13
    10    49          10
    10    50           5
    10    92           8
    10   115           7
    10   125           5
    10   129           8
    10   137          12
    10   150           4
    11    10           6
    11    17           8
    11    21           7
    11    47          11
    11    70          11
    11    79           4
    11    94           9
    11   111           3
    11   116           3
    11   118           3
    11   130          11
    11   135           6
    11   136           3
    11   146           9
    12     6           9
    12     9           4
    12    37           4
    12    45          13
    12    49           9
    12    54          13
    12    60           8
    12    67           4
    12    84           9
    12    87          12
    12   141           3
    12   143           4
    12   146          12
    13     3           8
    13     8           9
    13    21           6
    13    22           8
    13    37           4
    13    40           7
    13    73           9
    13    81           8
    13    83           3
    13    99           5
    13   113          12
    13   124          13
    13   129           5
    13   144           5
    13   145           4
    14    18           4
    14    32           8
    14    33          13
    14    34          10
    14    39           6
    14    45           5
    14    46          13
    14    51           3
    14    82           7
    14    88           4
    14   100          13
    14   103          11
    14   114           7
    14   123           8
    14   126           6
    14   128           4
    14   140           3
    15     3           5
    15    38           8
    15    52           8
    15    54          13
    15    61           4
    15    69           9
    15    71          12
    15   124           3
    15   147          10
    16     2          10
    16    26           5
    16    33           5
    16    40           8
    16    63           6
    16    75           6
    16    93           8
    16    96           9
    16   101           8
    16   103          13
    16   106           3
    16   119           8
    16   127          13
    16   130          10
    16   134          11
    16   145          13
    17     2           3
    17    10          10
    17    11          12
    17    15           8
    17    19          10
    17    21          11
    17    22           3
    17    23           4
    17    27           9
    17    30           7
    17    38          10
    17    40          12
    17    43           4
    17    56          12
    17    71           8
    17    78          11
    17    99           7
    17   100           9
    17   102           5
    17   108           6
    17   111           9
    18    17           7
    18    22          13
    18    25           6
    18    41          10
    18    45          12
    18    54           6
    18    63          12
    18    68           7
    18    73           5
    18    99           6
    18   123           4
    18   129          12
    19    16           8
    19    21           4
    19    29          11
    19    52           6
    19    64           3
    19    90           4
    19   120           4
    19   122           8
    19   127           3
    19   130           8
    19   131           8
    19   132           8
    19   136           5
    20    10           9
    20    40           4
    20    43           5
    20    47          13
    20    52          12
    20    74           5
    20    83          10
    20    85          10
    20   107          11
    20   111          11
    20   119           3
    20   122           8
    20   125           4
    20   129          13
    20   136          10
    20   143          12
    20   145           7
    21    14           3
    21    18          13
    21    34          13
    21    40           9
    21    53           3
    21    55           3
    21    74           7
    21    89          10
    21    92          10
    21   103           9
    21   107          13
    21   110           8
    21   115          13
    21   127          10
    21   128           6
    21   132           8
    21   142           3
    21   145           6
    21   146          10
    21   147          11
    22     9          13
    22    12           5
    22    16          10
    22    24           8
    22    25           7
    22    63          11
    22    73          10
    22    83          13
    22    93           3
    22    97           3
    22    99           3
    22   115           5
    22   118           5
    22   124          10
    22   146          10
    23    22           9
    23    36           3
    23    45           4
    23    70           7
    23    79           5
    23    80          13
    23    89           3
    23   104           7
    23   133          11
    23   139           7
    24    11          12
    24    34           8
    24    51          10
    24    57           5
    24    64          10
    24    65          13
    24    66           3
    24    75           4
    24    86           6
    24   108           9
    24   112           6
    24   114           8
    24   116          11
    24   119          11
    24   133          12
    24   135           3
    24   136           6
    24   145           6
    24   147           4
    25     6          12
    25    19          13
    25    30           9
    25    35           3
    25    41          10
    25    44           5
    25    46           3
    25    50          13
    25    53          12
    25    57          10
    25    70           7
    25    94           3
    25   108           3
    25   109           9
    25   118          12
    25   132           4
    25   133          12
    25   142           5
    25   148          13
    26     1           7
    26     2          13
    26     9           4
    26    44          11
    26    89           6
    26    98          11
    26   110           9
    26   122           3
    26   139          12
    26   141          12
    26   142           5
    26   147          10
    27     1          10
    27     7          11
    27    22           5
    27    30           5
    27    37           4
    27    47          12
    27    52           7
    27    77           4
    27    85           8
    27    86           6
    27    89           9
    27   101           3
    27   105           5
    27   132           7
    27   145           8
    28    14           5
    28    15           9
    28    16          12
    28    23           9
    28    27          13
    28    47          12
    28    53          11
    28    59           5
    28    77           5
    28    86           5
    28    88           3
    28    91           6
    28    99           5
    28   104          12
    28   110          13
    28   113           8
    28   114           6
    28   129           9
    28   131           6
    28   134          10
    28   135           8
    28   139           5
    28   148           5
    29     4           6
    29     7           8
    29    17          13
    29    23           7
    29    52          12
    29    63           3
    29    64           4
    29    71          13
    29    72           3
    29    79           5
    29   102           5
    29   110           4
    29   111           6
    29   113          13
    29   119          10
    29   121           5
    29   129           7
    29   144           5
    30    37          11
    30    40          10
    30    45           7
    30    48           8
    30    62          11
    30    64           5
    30    94           8
    30   107           5
    30   114           7
    30   129           3
    30   132           7
    30   140           8
    31     6          10
    31     9           5
    31    14           6
    31    16           7
    31    20          13
    31    28           5
    31    33           4
    31    35           3
    31    38           9
    31    43           6
    31    45           8
    31    51           3
    31    56           8
    31    62           5
    31    64           7
    31   122           3
    31   123           5
    31   140           7
    31   141           7
    31   147          12
    32     7           5
    32    54          10
    32    69          10
    32    91           9
    32    92           6
    32    98           4
    32   100          13
    32   103          11
    32   104           6
    32   107           8
    32   111          12
    32   120           5
    32   128           4
    32   134          13
    33     2          13
    33    20          13
    33    27           3
    33    37           3
    33    38          13
    33    60          12
    33    64          13
    33    88           3
    33    89          10
    33    93           9
    33   107          11
    33   111           4
    33   133           3
    33   142           9
    34    61           7
    34    66           6
    34    78           5
    34    84           3
    34    93          13
    34   121           5
    34   138          11
    34   149           4
    35     4           4
    35    14          10
    35    18          10
    35    20           9
    35    29          10
    35    40          11
    35    41           6
    35    47          13
    35    71          12
    35    90           5
    35    99          13
    35   130           7
    35   133           7
    35   137           3
    35   138          12
    36    13          13
    36    20           4
    36    23           7
    36    25           8
    36    35           8
    36    38          11
    36    40          13
    36    51           6
    36    53           9
    36    54          12
    36    59           7
    36    71          12
    36    72           3
    36    88           3
    36   106          11
    36   112           4
    36   125           4
    36   149           8
    36   150           7
    37    17           4
    37    20          12
    37    23          12
    37    24           5
    37    29           5
    37    33           6
    37    43           6
    37    44           9
    37    59           5
    37    60           9
    37    78          13
    37    79           7
    37    92           4
    37    95          11
    37   108           4
    37   115          10
    37   140           6
    37   146          12
    37   150           3
    38     4          12
    38    13           7
    38    14           8
    38    19           6
    38    22          13
    38    35          12
    38    51          13
    38    64           6
    38    75           5
    38    76           4
    38    78           7
    38    81          13
    38   106          11
    38   120           3
    38   125           7
    38   129          11
    38   139           8
    39    10           5
    39    25           7
    39    27           9
    39    28           6
    39    29           3
    39    41           8
    39    53           8
    39    58           7
    39    59           7
    39    81           8
    39   107           7
    39   109           3
    39   119           4
    39   124           3
    39   125           9
    39   139           8
    39   147           9
    40     2           3
    40    23           6
    40    29          11
    40    31          13
    40    33          10
    40    48           5
    40    55           3
    40    63          13
    40   116          13
    40   121          10
    40   131          12
    40   132          12
    40   139          10
    40   145          12
    40   149          12
    41     5           8
    41    27           9
    41    45          11
    41    47           5
    41    54           3
    41    64          12
    41    71           8
    41   101           4
    41   105           9
    41   113           7
    41   118           7
    41   119          11
    41   126           6
    41   141           8
    41   144           7
    42     9           5
    42    14           3
    42    22           8
    42    29          11
    42    65           4
    42    67           6
    42    74           7
    42    91           3
    42    94           3
    42   102          13
    42   106           4
    42   126           7
    42   128           6
    42   129          13
    42   130           7
    42   135           5
    42   136          12
    42   144          11
    42   148           8
    42   150          10
    43     4           6
    43    23           6
    43    28          13
    43    70          12
    43    75           9
    43    76           6
    43    89           8
    43    92          12
    43    95           3
    43    98          12
    43   121           5
    43   132          12
    43   133          13
    43   134          10
    44     5           8
    44    29           4
    44    60          13
    44    68          11
    44    72           7
    44    98           6
    44   102          13
    44   120           8
    44   121           6
    44   128          12
    44   131          11
    44   132          10
    44   149           6
    45     3           5
    45     7           9
    45    19          13
    45    34           8
    45    42           8
    45    52           8
    45    56           7
    45    67           7
    45    89           6
    45    91           4
    45    96          12
    45   102           4
    45   124           6
    45   135           6
    45   136          10
    45   144          12
    45   146           6
    45   150           9
    46    11          11
    46    20          13
    46    42           7
    46    58           8
    46    59          10
    46    80          11
    46    82           4
    46    85          12
    46    93           6
    46   109          10
    46   113          11
    46   122           6
    46   127          12
    46   140           6
    47    10           7
    47    19          13
    47    37           5
    47    44           4
    47    59           6
    47    60           4
    47    73           9
    47    94           3
    47   104           4
    47   105           8
    47   110           4
    47   117          10
    47   125          13
    47   146           6
    47   148           5
    48    18          12
    48    31          12
    48    45          10
    48    61          10
    48    70           9
    48    77           4
    48    86           6
    48    87           3
    48    96          11
    48   105           6
    48   106          13
    48   108          11
    48   110           6
    48   121          13
    48   130          11
    48   143          11
    49     1           5
    49    10          10
    49    13          10
    49    31          10
    49    40          13
    49    51           9
    49    52          12
    49    57          10
    49    58          13
    49    66           6
    49    92          12
    49    97           5
    49   132           5
    49   142          13
    49   146          11
    50    12          11
    50    30           3
    50    33          13
    50    39           4
    50    51           9
    50    56           9
    50    61          12
    50    70           4
    50    74           3
    50    77          10
    50    84          13
    50    91           6
    50   126           3
    50   130           7
    50   140           6
    51     5           3
    51    11          11
    51    26           6
    51    49          13
    51    55           6
    51    78           3
    51    87          13
    51    94           5
    51   115           5
    51   122           4
    51   127           4
    51   147           5
    52     3           7
    52    11           4
    52    24           9
    52    36          12
    52    42           4
    52    47           7
    52    67          11
    52    81           4
    52    92          10
    52    97           9
    52   102           7
    52   110           5
    52   122          10
    52   124           6
    52   126           8
    52   140          13
    53    18           3
    53    32           7
    53    40           6
    53    41           9
    53    57           8
    53    64          12
    53    76          13
    53    77          12
    53    85           9
    53    86           8
    53    93           5
    53    97           8
    53   102           5
    53   115           7
    53   124           3
    53   128           3
    54     1           6
    54     3          11
    54     4           8
    54     8           3
    54    37          11
    54    40           7
    54    48           6
    54    57           7
    54    67          11
    54    77           7
    54    96           9
    54   111          13
    54   131           9
    54   134           5
    55     7           5
    55    16           4
    55    34           4
    55    77          13
    55    84          11
    55    90          11
    55    98           3
    55   105           4
    55   108           4
    55   116           8
    55   135          12
    55   150           7
    56    24          11
    56    28          10
    56    39           7
    56    40           5
    56    44           6
    56    47          13
    56    48           5
    56    63           4
    56    67          10
    56    81           6
    56    87           9
    56    91           8
    56   139          10
    56   149           3
    57    11           3
    57    47          12
    57    60           8
    57    66          13
    57    67           4
    57    70          13
    57    80          10
    57    82          13
    57    85          13
    57    86           4
    57    93           3
    57   116           4
    57   118           4
    57   134           6
    57   141           4
    57   148           3
    58     8           5
    58    11           4
    58    14           4
    58    17           7
    58    18           5
    58    23          11
    58    26           6
    58    71          10
    58    85          10
    58    89           5
    58    97           5
    58   129           5
    58   130          11
    59     9           5
    59    23           8
    59    25           8
    59    31           3
    59    32          13
    59    33           6
    59    42          13
    59    45           5
    59    56           9
    59    69          10
    59    95          11
    59   101           3
    59   105          10
    59   115           7
    59   122           8
    59   143           8
    59   144          12
    60    53           4
    60    54          11
    60    62           3
    60    85           6
    60    93           7
    60   103           7
    60   104          12
    60   114          11
    60   123           8
    60   124           5
    61    14          10
    61    23           6
    61    29           5
    61    32          13
    61    33           4
    61    37           9
    61    46          11
    61    53           3
    61    64          11
    61    74           4
    61    80           5
    61    84          12
    61   100           7
    61   110          13
    61   124          11
    61   138           4
    62    17          11
    62    19          12
    62    52           8
    62    53          13
    62    58           4
    62    60           6
    62    81          12
    62    98           6
    62   100           6
    62   119           8
    62   148          10
    63    17           8
    63    24           8
    63    55           7
    63    74           5
    63    82           4
    63   100           3
    63   105          13
    63   120          11
    63   125           6
    63   130           7
    63   132          11
    63   133           8
    63   138           5
    64     1           8
    64     9          11
    64    12           8
    64    13           6
    64    21           8
    64    28           8
    64    42           6
    64    72           9
    64    85           8
    64    96           9
    64    97          11
    64    98           6
    64   105           9
    64   118           6
    65    25           8
    65    28           4
    65    59           4
    65    61           4
    65    89          13
    65    96          13
    65   117          11
    65   121           6
    65   130           9
    65   142          10
    66     3          10
    66     6          13
    66    14          10
    66    23           6
    66    28           6
    66    34           6
    66    35          11
    66    45          13
    66    50           8
    66    55          10
    66    57           5
    66    60           7
    66    65           4
    66    70           4
    66    95           9
    66   121           8
    66   125          10
    66   140          11
    67     2           9
    67    11          10
    67    15          11
    67    19           6
    67    30           8
    67    45          12
    67    69          12
    67    76           6
    67    82          12
    67    85           8
    67    89          11
    67   102          13
    67   110           3
    67   131           4
    67   141           4
    67   150           4
    68    12          10
    68    15           7
    68    20           6
    68    39          13
    68    71           9
    68    74           9
    68    99           8
    68   109           6
    68   113           5
    68   117          13
    68   140          12
    69    23           8
    69    59           8
    69    60           8
    69    79           4
    69   104          10
    69   113           5
    69   136          13
    69   143           7
    69   147           8
    69   148           5
    70     8          12
    70    10          10
    70    30           5
    70    87          11
    70    91           3
    70   107           5
    70   114          13
    70   133          12
    70   134           3
    70   141           4
    70   145           6
    71     5           9
    71     9          10
    71    78           6
    71   107           8
    71   108           5
    71   116           6
    71   119           6
    71   121           5
    71   132          12
    71   145          12
    72     3           9
    72     4           3
    72    12           5
    72    16          11
    72    24          10
    72    25          13
    72    30          12
    72    37           4
    72    38           4
    72    47           5
    72    68           5
    72    80           6
    72    89          11
    72    90           7
    72   106           5
    72   123           9
    72   124           5
    72   127           7
    72   128           3
    72   129           3
    72   138          11
    72   149           4
    73     1          10
    73    12           6
    73    15           5
    73    17           4
    73    23           4
    73    40          11
    73    49           6
    73    52           5
    73    62          12
    73    95          12
    73   105          11
    73   133           6
    73   138          13
    73   144           9
    74    15          11
    74    43           3
    74    71          11
    74    75          11
    74    76           7
    74    78           3
    74    83          10
    74    93          13
    74   107           7
    74   111           3
    74   124          13
    74   131           6
    74   135           9
    74   137           9
    74   150          13
    75     3           8
    75    11          10
    75    23           7
    75    35           6
    75    38           7
    75    40           7
    75    45          12
    75    58          12
    75    65           4
    75    70           3
    75    71          11
    75    76           6
    75   113           6
    75   138           6
    76    19          12
    76    21          12
    76    29           3
    76    53           9
    76    56           6
    76    61          11
    76    62           3
    76    66          11
    76    75          12
    76    78           9
    76   110           5
    76   122          12
    76   124           3
    76   126           9
    76   134           5
    77     7           5
    77    15           3
    77    24           8
    77    29           7
    77    42           9
    77    88           6
    77    95           5
    77    96          11
    77    97          13
    77   111           6
    77   117           7
    77   136          10
    77   137           6
    78     1          11
    78    10           4
    78    19           4
    78    26           4
    78    36          13
    78    39          10
    78    63          10
    78    69           3
    78    71           4
    78   108           4
    78   115           8
    78   122           9
    78   125           4
    78   126           3
    78   129          12
    78   134           9
    78   139          12
    79    37           9
    79    44          13
    79    61           7
    79    84          12
    79    90           6
    79   106          10
    79   135           4
    79   142          13
    79   144          13
    79   145          13
    80    19           6
    80    25           6
    80    27           7
    80    41           5
    80    45          11
    80    47           8
    80    74           8
    80    86          12
    80   107           5
    80   119           9
    80   121          12
    80   122           6
    80   136           9
    80   145           6
    81    21           7
    81    66          13
    81    68           6
    81   100          13
    81   110           4
    81   117           4
    81   120           4
    81   136           8
    81   144           3
    81   148           7
    82    11          12
    82    12          10
    82    25           4
    82    31           3
    82    34          10
    82    37          10
    82    43          13
    82    54           3
    82    59           4
    82    60          13
    82    74           3
    82    78          13
    82   132           9
    82   141          13
    82   146          10
    82   147          13
    83     1          10
    83    20          11
    83    48          12
    83    58           3
    83    74          12
    83    77           9
    83    88          12
    83    93           5
    83   102          10
    83   108          11
    83   116          10
    83   123           9
    83   124           3
    83   127           9
    83   149          11
    84    11           7
    84    17          13
    84    66           6
    84    69          12
    84    72          12
    84    76           5
    84    77           6
    84    78          12
    84    82          11
    84   104          12
    84   109           3
    84   111           6
    84   125          10
    84   130           4
    84   133          10
    84   134           9
    84   149          10
    85     7           5
    85    18           8
    85    27           6
    85    36           5
    85    49           9
    85    67          11
    85    83           9
    85    99          13
    85   113          12
    85   125           9
    85   150          10
    86    23          12
    86    26           8
    86    48           7
    86    68          11
    86    69           9
    86    74           8
    86    78          10
    86    96          13
    86   108           9
    86   136          10
    87     6          11
    87    17           8
    87    21           4
    87    70           3
    87    82           5
    87    86           3
    87    92           9
    87   116           4
    87   119           6
    87   132           3
    88    13           9
    88    15          12
    88    19          13
    88    23           9
    88    35          10
    88    38           6
    88    40          10
    88    59           6
    88    61          12
    88    68          10
    88    85           4
    88    91          10
    88   115          13
    88   119           6
    88   124           8
    88   127          12
    89    75          11
    89    76          10
    89    87           3
    89    95          13
    89    96          10
    89   101           4
    89   109           6
    89   130           5
    89   136           8
    89   150           6
    90     1           4
    90     3           5
    90    17           4
    90    22          13
    90    24          10
    90    40          12
    90    89          12
    90   119          12
    90   123           3
    90   139           7
    91     1           9
    91    22          13
    91    25           3
    91    34           9
    91    46           6
    91    58           8
    91    93           9
    92     2           5
    92     4           5
    92     5           4
    92    11           9
    92    18           8
    92    30           4
    92    45           6
    92    48           6
    92    55           5
    92    56          12
    92    68           6
    92    74           7
    92    91          12
    92    94           3
    92   114           7
    92   126           3
    92   129           4
    92   136          11
    92   142           5
    92   145          13
    93     3           6
    93    11           6
    93    34          12
    93    37          12
    93    64          10
    93    79           7
    93    87           3
    93    90          11
    93    92           5
    93    94           6
    93   100           4
    93   122           4
    93   144           5
    94     5           7
    94     6           4
    94    18           9
    94    19          13
    94    42           5
    94    44          12
    94    61           6
    94    66          13
    94    71          11
    94    82           5
    94   103           6
    94   117          13
    94   126           7
    94   134          10
    94   135          13
    94   137           4
    94   138          10
    94   147          10
    94   148           8
    95    12           6
    95    20           7
    95    22           3
    95    51           5
    95    54          13
    95    59           6
    95    63           8
    95    72           3
    95    73           5
    95    83           7
    95    91           9
    95   111           8
    95   115           7
    95   119          11
    95   126           9
    95   131           3
    95   146          13
    96     7           5
    96    10          10
    96    13           9
    96    14           9
    96    16           9
    96    19          11
    96    20          10
    96    36          13
    96    43           7
    96    50           5
    96    51          11
    96    52           4
    96    54           3
    96    73           5
    96    86          10
    96    92          13
    96    94          11
    96   110           5
    96   111          13
    97    13           8
    97    17           8
    97    19          13
    97    31           6
    97    39           3
    97    41           5
    97    42          12
    97    46          10
    97    79          12
    97    80          12
    97    90           6
    97    94          12
    97    95           6
    97   100          13
    97   104           5
    97   113           8
    97   120          11
    97   136           8
    97   144          10
    98    10           3
    98    11          12
    98    14           4
    98    15          10
    98    17           5
    98    20           7
    98    30           5
    98    37           9
    98    38          13
    98    41           6
    98    42          11
    98    43           7
    98    51           5
    98    54           7
    98    57          10
    98    66           4
    98    73           6
    98    84           6
    98    93          11
    98   103          11
    98   118          10
    98   140          12
    99     2           7
    99     5          11
    99     7          12
    99     8           3
    99     9          13
    99    11           5
    99    26           8
    99    39           4
    99    61           9
    99    65          12
    99    76           9
    99    98          10
    99   102           9
    99   104           4
    99   108           4
    99   137           4
   100     4           5
   100    11          13
   100    28           5
   100    30           5
   100    42          12
   100    44           3
   100    55           6
   100    57           3
   100    71          11
   100    85           9
   100    92           4
   100    93           3
   100   121          10
   100   128           8
   100   132           8
   100   139           7
   101     4           3
   101    28           3
   101    31          12
   101    42          13
   101    47           8
   101    51          12
   101    56          10
   101    60           8
   101    71           7
   101    76           3
   101    78           5
   101    82           4
   101    83          13
   101   106          12
   101   118          13
   101   131           4
   101   133           6
   102     7           8
   102    20           7
   102    24           8
   102    30          11
   102    32           3
   102    48           9
   102    50           6
   102    52           7
   102    56           9
   102    64          11
   102    67           4
   102    69           9
   102    73           9
   102    76           6
   102    80           6
   102    81           8
   102    82           5
   102    91          13
   102    97          12
   102   114          13
   102   127           8
   102   134           5
   102   135          12
   102   141           4
   102   143          12
   102   145          10
   102   146          11
   103    19          13
   103    37           7
   103    41           5
   103    56          13
   103    67           7
   103    71           8
   103    77          13
   103    82           5
   103    89           7
   103    99           3
   103   110           3
   103   114           7
   103   118           5
   103   120           4
   103   121          12
   103   124          12
   103   125           8
   103   135           4
   104    13           5
   104    18          11
   104    20          13
   104    26           6
   104    38           5
   104    62          13
   104    74           8
   104    81          13
   104    88          10
   104   105          12
   104   138           3
   104   143           9
   105     2           4
   105    33          10
   105    37           8
   105    39           7
   105    44           3
   105    46           8
   105    47           8
   105    49           9
   105    74           8
   105    75           8
   105    94          11
   105   101          10
   105   106           7
   105   114           4
   105   130           3
   105   141          11
   106    14           8
   106    15           7
   106    18          13
   106    22           5
   106    50          12
   106    56          13
   106    64           3
   106    73           3
   106    74          11
   106    76           3
   106    88           4
   106    89          13
   106   102           6
   106   109           9
   106   113          11
   106   116           9
   106   128           8
   106   131          12
   106   138          13
   107     2          12
   107     3           4
   107     8           9
   107    16           5
   107    38           9
   107    86          10
   107    94          10
   107    98           7
   107   100           3
   107   102           8
   107   103           6
   107   110           6
   107   111          11
   107   116           6
   107   122           7
   107   127           3
   107   137           3
   107   149          13
   108    10           3
   108    13           9
   108    16          13
   108    23           9
   108    31           3
   108    38          11
   108    54          10
   108    56           7
   108    63           6
   108    65          12
   108    73           4
   108    76          12
   108    79           3
   108    82          12
   108    83           7
   108    99           7
   108   105           8
   108   107           5
   108   109           9
   108   110          11
   108   118           3
   108   121           6
   108   127          10
   108   129          11
   109    15           3
   109    17          12
   109    19           4
   109    45           5
   109    46          11
   109    48          11
   109    59          10
   109    83           3
   109   102           7
   109   110           5
   109   114           6
   109   145          11
   109   147           5
   110    14           8
   110    27           9
   110    40           3
   110    82          13
   110    90           5
   110    98           6
   110   111           9
   110   136           9
   110   141           5
   111    27           6
   111    28          13
   111    34           5
   111    48           8
   111    69          12
   111    71          13
   111    72          11
   111    90           3
   111    98          13
   111   106          10
   111   110          12
   111   113          12
   111   144           7
   111   148           6
   112    25           9
   112    35          13
   112    45          13
   112    57           6
   112    60           7
   112    63          11
   112    66           9
   112    78           8
   112    85           7
   112    95           4
   112   127           9
   112   142           7
   113     5           5
   113    18           8
   113    27          13
   113    35           3
   113    43           9
   113    50          12
   113    55          13
   113    71           3
   113    94          11
   113   100           9
   113   114           6
   113   117           5
   113   120           3
   113   125          10
   113   127          12
   113   131           4
   113   146          10
   114    15           3
   114    20           8
   114    26          11
   114    42           7
   114    46          12
   114    56           6
   114    69           9
   114    71          10
   114    77           9
   114    88           9
   114    99           7
   114   138           5
   114   142          13
   114   144           6
   114   150           7
   115    11          11
   115    34          10
   115    38           7
   115    50           4
   115    52           5
   115    54          13
   115    56          13
   115    61          11
   115    74           6
   115    94          13
   115   101           5
   115   102          12
   115   103           8
   115   105          11
   115   122           8
   115   147           5
   115   149           8
   116    11           8
   116    14           8
   116    23          13
   116    42          10
   116    46           3
   116    49          11
   116    52          13
   116    64          13
   116    86          10
   116    88          12
   116    89           5
   116    93           9
   116   106          10
   116   118          10
   116   131           4
   116   147           9
   117     3          13
   117     6           5
   117    31           5
   117    32          11
   117    38           9
   117    41           6
   117    45           5
   117    52          12
   117    56           9
   117    68           5
   117    89           8
   117   100          13
   118     3           6
   118     5          11
   118    32           4
   118    36           4
   118    40           7
   118    49           7
   118    56           8
   118    68           4
   118    69          12
   118    76           3
   118    78           5
   118    82          10
   118    96          12
   118   107          11
   118   110           3
   118   119          13
   119     9          11
   119    17           7
   119    27          13
   119    55           9
   119    56           5
   119    69           7
   119    73           5
   119    81          13
   119    84           8
   119    94           9
   119    95           9
   119   100           8
   119   109           8
   119   113           3
   119   123          10
   119   136           9
   119   148           5
   119   149           5
   120    27           5
   120    46          10
   120    47           5
   120    59          12
   120    62           5
   120    78          10
   120    84          11
   120    92           8
   120   117          13
   120   119           5
   120   124          10
   120   127           4
   120   128           8
   120   129           6
   120   133           4
   121     7          13
   121    12           4
   121    35          13
   121    40           4
   121    61           7
   121    85          10
   121   116          11
   121   122          11
   121   123          11
   121   125           3
   121   128          13
   121   139           6
   122    18           4
   122    36          10
   122    40           3
   122    44          12
   122    54           9
   122    55           8
   122    65           8
   122    76           4
   122    82           6
   122    89           8
   122   102           8
   122   133          11
   123    13           5
   123    28           7
   123    38           6
   123    54           3
   123    60          13
   123    66          11
   123    74           5
   123    77          12
   123    78           7
   123    89           4
   123   102           8
   123   121           7
   123   125           5
   123   127          12
   123   129           3
   124     1          11
   124    10           6
   124    17           4
   124    23           9
   124    27          12
   124    58           6
   124    59          11
   124    62           6
   124    78          10
   124    99          10
   124   105          10
   124   111           8
   124   120          13
   124   131          12
   124   146          12
   125    41           3
   125    44          10
   125    64           6
   125    66           5
   125    69           9
   125    70           6
   125    76          10
   125    81           7
   125    82           8
   125    85           4
   125   102          10
   125   124           3
   125   131          13
   125   134          12
   125   136           7
   125   137           6
   125   142           3
   125   150          10
   126     9           7
   126    16           8
   126    27           8
   126    28           3
   126    29           7
   126    39          11
   126    44          13
   126    45          11
   126    49           8
   126    60           8
   126    67          12
   126    76           4
   126    93           8
   126   129          12
   126   131          10
   126   136           4
   126   137           4
   127    18          11
   127    34           6
   127    35           4
   127    37           9
   127    42          13
   127    50           3
   127    59          12
   127    65           5
   127    69           8
   127    70           7
   127    76          12
   127    86           7
   127    90          13
   127   111           4
   127   113           9
   127   116           6
   127   137          11
   128     7          12
   128     8           8
   128    10           9
   128    16           6
   128    18           6
   128    39          10
   128    45           8
   128    59           5
   128    70           8
   128    74          12
   128    91           4
   128   105          13
   128   108           4
   128   111           8
   128   116          13
   128   135          10
   129     3          12
   129    14          10
   129    18           8
   129    45           9
   129    52          13
   129    55           8
   129   106          12
   129   112           9
   129   146           6
   130     9          13
   130    17           8
   130    25           7
   130    36           3
   130    47           7
   130    51           7
   130    57          13
   130    58           6
   130    60           5
   130    70          12
   130    77          12
   130    78           7
   130   107           7
   130   110           7
   130   113          13
   130   117          13
   130   124          13
   130   133           9
   130   140           6
   130   143           7
   130   144           8
   130   147           6
   131    15           3
   131    22          12
   131    34          10
   131    48          12
   131    52           8
   131    54           9
   131    55           5
   131    59          12
   131    77          12
   131    79           3
   131    82           5
   131   105           3
   131   140           7
   132     1           6
   132     2          12
   132     6           5
   132    29          10
   132    33           9
   132    40          13
   132    42           4
   132    48          12
   132    63          12
   132    67           6
   132    70          13
   132    82           4
   132   105           4
   132   112           7
   132   113           5
   132   117          13
   132   127          10
   132   134           7
   132   139           5
   133    19           7
   133    34           5
   133    46           7
   133    52           6
   133    57           9
   133    68           8
   133    75           7
   133    77           3
   133    87           4
   133    88           8
   133    91           9
   133   112           7
   133   119           7
   133   143          12
   133   145           6
   133   146          13
   134    26          11
   134    29           5
   134    60          11
   134    71           6
   134    79           6
   134    90           3
   134    96          11
   134   133           6
   134   143          11
   134   148          12
   135     1           4
   135     7           6
   135    20           4
   135    41           7
   135    50           4
   135    51           8
   135    56          10
   135    88           5
   135   124           8
   135   145          11
   136     1           9
   136    11          12
   136    38          12
   136    40           5
   136    64          12
   136    74           8
   136    75           6
   136    85           8
   136   103          11
   136   124          13
   136   126          12
   136   134           4
   137     3           3
   137    34           3
   137    35           4
   137    36          12
   137    48          12
   137    88           3
   137    91          13
   137    95           8
   137    96          11
   137   104          12
   137   107           5
   137   128          10
   137   131           8
   138    63          10
   138    89           9
   138   115           3
   138   125           7
   139     8           6
   139    14           8
   139    34          10
   139    35           6
   139    44           9
   139    50          12
   139    82           7
   139    89           3
   139   108           5
   139   125           8
   139   145           5
   139   148           6
   140     2           8
   140    12           3
   140    21           7
   140    23           5
   140    28           6
   140    39          10
   140    60           6
   140    75          10
   140    86           4
   140    88           5
   140    94           7
   140    95          10
   140   106          12
   140   113          12
   140   115          10
   140   118          12
   140   132          11
   140   135           3
   141    22          12
   141    24           9
   141    71          10
   141    77           3
   141    79           6
   141    94           3
   141   109          11
   141   133           9
   141   139          10
   141   145           3
   141   147          13
   142     4           6
   142    16           3
   142    20          13
   142    30           7
   142    43          13
   142    81           4
   142    85           8
   142    91           8
   142   103           8
   142   104           5
   142   107          13
   142   123           3
   142   137           9
   142   143           9
   143     6           7
   143    41           9
   143    42           3
   143    59           4
   143    87           3
   143    93          13
   143    97           6
   143   105           5
   143   113          10
   143   135           7
   143   138          11
   143   146          12
   144    12           3
   144    18          13
   144    21          11
   144    22          10
   144    37           6
   144    47           8
   144    73           5
   144    83           8
   144    86           6
   144   121           4
   144   127          11
   144   128          12
   144   135           9
   145     2           3
   145     4           6
   145    11          11
   145    24           4
   145    29          12
   145    45          13
   145    47           7
   145    67           6
   145    69           8
   145    79           7
   145    95          10
   145   100           4
   145   109           8
   145   122           8
   145   128           6
   145   144           6
   145   146           4
   145   150           7
   146    19          12
   146    29           8
   146    44           8
   146    55           7
   146    62           8
   146    67          10
   146    73           9
   146    82          13
   146    97           5
   146    99           8
   146   104           5
   146   112          13
   146   114          13
   146   122           3
   146   132           9
   146   137           7
   147    19           5
   147    22          10
   147    33           9
   147    35           9
   147    42          12
   147    45          13
   147    46           9
   147    50          10
   147    52          13
   147    55          13
   147    56          10
   147    60          12
   147    65           4
   147    69           9
   147    98          10
   147   108           7
   147   110           4
   147   129           8
   147   134           3
   148    13           7
   148    20           9
   148    42          13
   148    45          12
   148    48          11
   148    61          12
   148    64           3
   148    69           7
   148    73           6
   148    76           9
   148    78          11
   148    79           5
   148    82           7
   148   113           7
   148   114          13
   148   118           5
   148   134           7
   148   141          13
   149    15           5
   149    22          13
   149    25           5
   149    28           9
   149    33           6
   149    66          12
   149    68          12
   149    71           7
   149   112           7
   149   120           5
   149   129          10
   149   137          11
   149   143          10
   149   148           6
   150    21           8
   150    29          11
   150    37           5
   150    38           5
   150    41          11
   150    49           8
   150    50           9
   150    57          11
   150    63          11
   150    65           5
   150    66           4
   150    68           5
   150    83          10
   150    88           9
   150   116          12
   150   118          13
   150   135           8
