						grid7
             400
            1520
             400
       1       2          91         463
       1      21          97         610
       2       1          95         429
       2       3          82         465
       2      22          92         477
       3       2          85         679
       3       4          95         742
       3      23          97         616
       4       3          93         502
       4       5          83         469
       4      24          85         519
       5       4          99         468
       5       6          87         437
       5      25          80         454
       6       5          85         809
       6       7          98         638
       6      26          88         581
       7       6          93         769
       7       8          84         751
       7      27          85         550
       8       7          81         676
       8       9          96         484
       8      28          96         610
       9       8          88         608
       9      10          87         521
       9      29          98         712
      10       9          84         536
      10      11          97         745
      10      30         100         595
      11      10          83         609
      11      12          99         543
      11      31          94         740
      12      11          88         479
      12      13          86         724
      12      32          96         630
      13      12          83         627
      13      14          98         703
      13      33          85         777
      14      13          93         559
      14      15          86         594
      14      34          93         627
      15      14          94         708
      15      16          82         591
      15      35          96         709
      16      15          91         765
      16      17          88         477
      16      36          92         704
      17      16          98         646
      17      18          83         576
      17      37          82         659
      18      17          88         799
      18      19          94         583
      18      38          96         509
      19      18          94         521
      19      20          80         608
      19      39          94         608
      20      19          86         554
      20      40         100         816
      21       1         100         618
      21      22          94         623
      21      41          82         469
      22       2          89         778
      22      21          98         723
      22      23          88         496
      22      42         100         732
      23       3          89         571
      23      22          81         711
      23      24          92         423
      23      43          98         597
      24       4          92         654
      24      23          92         511
      24      25          92         458
      24      44          96         701
      25       5          94         530
      25      24          99         701
      25      26          97         796
      25      45          97         605
      26       6          92         730
      26      25          89         788
      26      27          95         536
      26      46          82         698
      27       7          84         516
      27      26          89         589
      27      28          99         520
      27      47          96         472
      28       8          81         739
      28      27          94         606
      28      29          94         789
      28      48          95         582
      29       9          80         732
      29      28          81         717
      29      30          95         629
      29      49          94         697
      30      10          95         701
      30      29          81         698
      30      31          88         565
      30      50          81         563
      31      11          94         464
      31      30          80         681
      31      32          98         665
      31      51          94         693
      32      12          80         810
      32      31          86         664
      32      33          95         521
      32      52          82         476
      33      13          98         742
      33      32          85         793
      33      34          81         467
      33      53          95         548
      34      14          86         459
      34      33          91         710
      34      35          93         591
      34      54          87         809
      35      15          96         546
      35      34          99         500
      35      36          99         719
      35      55          89         519
      36      16          98         429
      36      35          93         738
      36      37          87         708
      36      56          91         677
      37      17          83         564
      37      36          85         547
      37      38          96         645
      37      57          97         688
      38      18          96         619
      38      37          82         787
      38      39          82         675
      38      58          84         753
      39      19          94         503
      39      38          86         487
      39      40         100         457
      39      59          93         762
      40      20          93         530
      40      39          96         818
      40      60          87         783
      41      21          94         741
      41      42          87         742
      41      61          83         748
      42      22          83         545
      42      41          96         425
      42      43          96         496
      42      62          89         655
      43      23          83         785
      43      42          91         605
      43      44          92         741
      43      63          92         448
      44      24          85         625
      44      43          94         638
      44      45          94         471
      44      64          95         475
      45      25          84         810
      45      44          83         743
      45      46          84         603
      45      65          94         557
      46      26          89         438
      46      45          85         694
      46      47          92         756
      46      66          85         645
      47      27          98         642
      47      46          92         716
      47      48          99         576
      47      67          97         813
      48      28          89         787
      48      47          84         614
      48      49          80         686
      48      68          80         513
      49      29          97         533
      49      48          98         521
      49      50          86         514
      49      69          94         785
      50      30          85         541
      50      49          91         505
      50      51          84         462
      50      70          88         548
      51      31          84         776
      51      50          81         424
      51      52          82         484
      51      71          83         684
      52      32          86         773
      52      51          91         458
      52      53         100         532
      52      72          83         623
      53      33          95         426
      53      52          85         528
      53      54          80         526
      53      73          91         735
      54      34          84         462
      54      53          86         599
      54      55          94         526
      54      74          85         463
      55      35          85         770
      55      54          82         507
      55      56          84         756
      55      75          97         683
      56      36          94         533
      56      55          95         493
      56      57          81         540
      56      76          85         626
      57      37          85         745
      57      56         100         680
      57      58          91         629
      57      77          82         660
      58      38          80         655
      58      57          85         693
      58      59          96         763
      58      78          83         448
      59      39          84         713
      59      58          88         436
      59      60          88         542
      59      79          91         601
      60      40          94         784
      60      59          86         443
      60      80          92         666
      61      41          92         529
      61      62          93         576
      61      81          83         811
      62      42          99         598
      62      61          86         606
      62      63          84         662
      62      82          88         730
      63      43          86         532
      63      62          88         571
      63      64          85         649
      63      83          94         818
      64      44          98         506
      64      63          88         654
      64      65          94         460
      64      84          81         684
      65      45          93         539
      65      64          98         571
      65      66         100         483
      65      85          93         719
      66      46          87         646
      66      65          91         468
      66      67          95         572
      66      86         100         532
      67      47          91         594
      67      66          84         556
      67      68          97         430
      67      87          85         652
      68      48          89         672
      68      67          93         727
      68      69          95         564
      68      88          84         696
      69      49          82         515
      69      68          97         475
      69      70          89         765
      69      89          88         614
      70      50          91         472
      70      69         100         433
      70      71          86         466
      70      90          98         647
      71      51          96         561
      71      70          88         637
      71      72          92         759
      71      91          98         578
      72      52          94         676
      72      71          89         425
      72      73          93         818
      72      92          82         708
      73      53          85         720
      73      72          82         699
      73      74          98         498
      73      93          85         775
      74      54          97         712
      74      73          96         639
      74      75          85         668
      74      94          84         802
      75      55          85         739
      75      74          84         806
      75      76          87         649
      75      95          81         521
      76      56          99         816
      76      75          93         726
      76      77          86         711
      76      96          94         556
      77      57          82         508
      77      76          85         482
      77      78          88         589
      77      97          81         793
      78      58          81         789
      78      77          82         816
      78      79          96         793
      78      98          98         750
      79      59          82         789
      79      78          91         465
      79      80          92         466
      79      99          96         552
      80      60          94         703
      80      79          86         429
      80     100          93         549
      81      61          85         524
      81      82          88         705
      81     101          88         699
      82      62          88         426
      82      81          88         425
      82      83          94         761
      82     102          98         743
      83      63          87         802
      83      82          91         722
      83      84          84         768
      83     103          81         473
      84      64          94         581
      84      83          94         528
      84      85          97         706
      84     104          88         603
      85      65          81         507
      85      84         100         601
      85      86          93         663
      85     105          83         707
      86      66          83         529
      86      85          93         443
      86      87          96         776
      86     106          97         692
      87      67          87         448
      87      86          99         676
      87      88          82         582
      87     107          81         798
      88      68          84         423
      88      87          94         546
      88      89          80         611
      88     108          87         639
      89      69          82         479
      89      88          81         527
      89      90          88         505
      89     109          93         799
      90      70          98         795
      90      89          91         682
      90      91          97         515
      90     110          89         685
      91      71          92         725
      91      90          93         748
      91      92          95         637
      91     111          88         567
      92      72          93         723
      92      91          89         594
      92      93          86         661
      92     112          91         698
      93      73          96         724
      93      92          96         646
      93      94          80         583
      93     113          81         647
      94      74          98         754
      94      93         100         495
      94      95         100         649
      94     114          97         537
      95      75          80         523
      95      94          88         499
      95      96          82         489
      95     115          80         515
      96      76          89         571
      96      95          93         600
      96      97          85         613
      96     116          81         564
      97      77          99         522
      97      96         100         753
      97      98          96         519
      97     117          80         562
      98      78          97         616
      98      97          96         797
      98      99          91         683
      98     118          91         710
      99      79          83         472
      99      98          96         571
      99     100          94         692
      99     119          81         636
     100      80          98         459
     100      99          96         481
     100     120          94         786
     101      81          88         489
     101     102          87         819
     101     121          88         544
     102      82          87         661
     102     101          92         734
     102     103          95         721
     102     122          93         520
     103      83          97         810
     103     102          89         762
     103     104          89         798
     103     123          87         731
     104      84          88         650
     104     103          82         634
     104     105          97         539
     104     124          97         593
     105      85          82         709
     105     104          96         450
     105     106          98         481
     105     125          88         470
     106      86          84         731
     106     105          97         490
     106     107          94         590
     106     126          81         659
     107      87          89         560
     107     106          84         599
     107     108          91         768
     107     127          96         724
     108      88          82         465
     108     107          89         768
     108     109          87         463
     108     128          96         585
     109      89          89         574
     109     108          81         593
     109     110          97         539
     109     129          98         584
     110      90          93         476
     110     109          87         738
     110     111         100         774
     110     130          93         725
     111      91          80         650
     111     110          89         519
     111     112          97         542
     111     131          80         722
     112      92          86         790
     112     111          81         709
     112     113          80         442
     112     132          84         643
     113      93          84         685
     113     112          96         483
     113     114          96         444
     113     133          86         590
     114      94          97         716
     114     113          95         422
     114     115         100         706
     114     134          88         793
     115      95          99         432
     115     114          87         471
     115     116          94         624
     115     135          94         574
     116      96          93         677
     116     115          88         785
     116     117          96         693
     116     136          95         744
     117      97          94         507
     117     116          97         761
     117     118          92         716
     117     137          82         694
     118      98          80         795
     118     117          83         567
     118     119          80         546
     118     138          88         754
     119      99          80         547
     119     118          81         495
     119     120          91         510
     119     139          86         657
     120     100          93         625
     120     119          81         433
     120     140          91         486
     121     101          83         703
     121     122          91         517
     121     141          84         785
     122     102          95         790
     122     121          83         456
     122     123          97         433
     122     142          89         735
     123     103          80         638
     123     122          94         763
     123     124          85         770
     123     143          88         781
     124     104          89         539
     124     123          88         726
     124     125          98         434
     124     144          96         649
     125     105          80         798
     125     124          95         628
     125     126          80         454
     125     145          80         686
     126     106          83         472
     126     125          89         439
     126     127          97         772
     126     146          92         667
     127     107          80         554
     127     126          98         490
     127     128          85         666
     127     147          89         515
     128     108          95         543
     128     127          81         761
     128     129          99         654
     128     148          85         436
     129     109          93         560
     129     128          98         565
     129     130          94         767
     129     149          91         614
     130     110          96         583
     130     129          86         654
     130     131          95         631
     130     150          96         743
     131     111          95         550
     131     130          88         770
     131     132          86         633
     131     151          89         725
     132     112          93         498
     132     131          97         623
     132     133          95         432
     132     152          81         457
     133     113          89         511
     133     132          98         549
     133     134          86         469
     133     153          85         794
     134     114          95         815
     134     133          83         620
     134     135          80         750
     134     154          94         421
     135     115          85         607
     135     134          82         452
     135     136          82         560
     135     155          88         741
     136     116          91         773
     136     135          96         497
     136     137          94         567
     136     156          85         685
     137     117          83         644
     137     136          95         657
     137     138          87         584
     137     157          83         769
     138     118          82         775
     138     137          95         605
     138     139          91         445
     138     158          80         697
     139     119          82         692
     139     138          87         451
     139     140          99         468
     139     159          89         633
     140     120          91         777
     140     139          81         547
     140     160          96         554
     141     121          84         447
     141     142          91         456
     141     161          87         654
     142     122          97         797
     142     141          99         653
     142     143          87         640
     142     162          92         479
     143     123          96         657
     143     142          95         549
     143     144          82         598
     143     163          84         597
     144     124          88         769
     144     143          97         473
     144     145          91         817
     144     164          95         563
     145     125          93         440
     145     144         100         484
     145     146          98         803
     145     165          91         446
     146     126          94         505
     146     145          87         782
     146     147          92         604
     146     166          89         567
     147     127          89         599
     147     146          84         588
     147     148          81         602
     147     167          87         483
     148     128          88         508
     148     147          95         775
     148     149          97         737
     148     168          87         815
     149     129          98         669
     149     148          95         592
     149     150          82         543
     149     169          99         528
     150     130          83         668
     150     149         100         565
     150     151          85         731
     150     170          94         493
     151     131          95         810
     151     150          91         709
     151     152          95         509
     151     171          99         719
     152     132          97         421
     152     151          86         550
     152     153          96         580
     152     172          92         497
     153     133          91         737
     153     152          83         476
     153     154          93         791
     153     173          98         436
     154     134          83         456
     154     153          96         527
     154     155          82         800
     154     174          83         436
     155     135          80         603
     155     154          96         541
     155     156          88         706
     155     175          87         580
     156     136          81         776
     156     155          94         556
     156     157          87         426
     156     176          95         583
     157     137          97         635
     157     156          88         601
     157     158          88         768
     157     177          87         795
     158     138          91         701
     158     157          97         770
     158     159          97         559
     158     178          95         776
     159     139          81         715
     159     158          83         696
     159     160          83         809
     159     179          83         452
     160     140          98         431
     160     159          89         546
     160     180          97         654
     161     141          95         672
     161     162          98         708
     161     181          81         641
     162     142          97         449
     162     161          98         569
     162     163          87         548
     162     182          83         613
     163     143          84         775
     163     162         100         546
     163     164          85         756
     163     183          94         820
     164     144          95         716
     164     163          96         691
     164     165          96         680
     164     184          92         520
     165     145          98         582
     165     164          85         643
     165     166          86         698
     165     185          99         726
     166     146          99         817
     166     165          81         714
     166     167          80         503
     166     186          80         648
     167     147          93         682
     167     166          99         681
     167     168          93         662
     167     187         100         443
     168     148          91         455
     168     167          88         465
     168     169          98         703
     168     188          97         774
     169     149          94         721
     169     168          98         701
     169     170          85         794
     169     189          83         696
     170     150          83         506
     170     169          80         624
     170     171          98         682
     170     190          95         787
     171     151          95         632
     171     170          86         469
     171     172          82         542
     171     191          93         628
     172     152          89         434
     172     171          92         606
     172     173          95         617
     172     192          86         749
     173     153          87         627
     173     172          82         627
     173     174         100         688
     173     193          87         550
     174     154          89         461
     174     173         100         583
     174     175          96         665
     174     194          89         713
     175     155          84         745
     175     174          96         798
     175     176          88         531
     175     195          97         422
     176     156          83         491
     176     175          93         464
     176     177          81         526
     176     196          89         684
     177     157          83         747
     177     176          85         632
     177     178          94         620
     177     197          95         495
     178     158          98         578
     178     177          89         617
     178     179          96         544
     178     198          92         733
     179     159          87         760
     179     178          87         612
     179     180          80         636
     179     199          88         504
     180     160          81         547
     180     179          99         750
     180     200          95         770
     181     161          96         462
     181     182          81         673
     181     201          91         603
     182     162          89         427
     182     181          82         598
     182     183          92         762
     182     202          81         538
     183     163          95         770
     183     182         100         620
     183     184          91         683
     183     203          96         554
     184     164          85         589
     184     183          82         438
     184     185          81         450
     184     204          97         794
     185     165          81         578
     185     184          85         463
     185     186          83         589
     185     205          85         553
     186     166          92         599
     186     185          85         432
     186     187          83         769
     186     206          97         801
     187     167          97         809
     187     186          91         472
     187     188          81         637
     187     207          84         622
     188     168          84         497
     188     187          86         723
     188     189          91         630
     188     208          95         587
     189     169          92         713
     189     188          88         815
     189     190          85         720
     189     209          95         675
     190     170          92         522
     190     189          91         731
     190     191          87         465
     190     210          84         551
     191     171          88         586
     191     190          91         758
     191     192          80         716
     191     211          97         615
     192     172          87         691
     192     191         100         439
     192     193          80         749
     192     212          92         438
     193     173          92         525
     193     192          80         638
     193     194          87         787
     193     213          87         588
     194     174          95         734
     194     193          87         636
     194     195          96         469
     194     214          94         470
     195     175          80         739
     195     194          95         766
     195     196          92         428
     195     215          85         584
     196     176          87         775
     196     195          99         501
     196     197          95         747
     196     216          86         618
     197     177          91         603
     197     196          91         501
     197     198          80         654
     197     217          87         588
     198     178          92         768
     198     197          80         547
     198     199          99         807
     198     218          81         432
     199     179          80         468
     199     198          83         656
     199     200          82         552
     199     219          95         482
     200     180          98         678
     200     199          84         507
     200     220          92         696
     201     181          89         615
     201     202          91         620
     201     221          81         469
     202     182          94         574
     202     201          88         499
     202     203          94         612
     202     222          86         573
     203     183          92         758
     203     202          93         751
     203     204         100         584
     203     223          97         710
     204     184          80         583
     204     203          84         617
     204     205         100         504
     204     224          93         788
     205     185          92         648
     205     204          91         781
     205     206          89         787
     205     225          80         552
     206     186          85         648
     206     205          85         521
     206     207          91         548
     206     226          94         582
     207     187          82         709
     207     206          97         630
     207     208          95         560
     207     227          94         580
     208     188          83         586
     208     207          95         496
     208     209          83         780
     208     228          84         462
     209     189          85         485
     209     208          98         782
     209     210          94         502
     209     229          84         758
     210     190         100         666
     210     209          93         484
     210     211          99         610
     210     230          84         650
     211     191          83         801
     211     210          83         611
     211     212          80         782
     211     231          87         540
     212     192          80         643
     212     211          98         481
     212     213          82         708
     212     232          82         675
     213     193         100         571
     213     212          83         451
     213     214          92         600
     213     233         100         738
     214     194          84         764
     214     213          80         693
     214     215          93         431
     214     234          88         711
     215     195          95         781
     215     214          93         628
     215     216          96         794
     215     235          96         733
     216     196          80         704
     216     215          91         635
     216     217          95         814
     216     236          93         662
     217     197          94         799
     217     216          87         634
     217     218         100         800
     217     237          95         642
     218     198          99         468
     218     217          82         781
     218     219          96         693
     218     238          94         608
     219     199          82         651
     219     218          94         454
     219     220          81         756
     219     239          80         426
     220     200         100         435
     220     219          93         772
     220     240          89         797
     221     201          92         588
     221     222          99         442
     221     241          94         443
     222     202          97         762
     222     221          99         764
     222     223          86         551
     222     242          86         559
     223     203          86         576
     223     222          95         543
     223     224          99         521
     223     243          94         552
     224     204          86         487
     224     223          91         456
     224     225          98         674
     224     244          87         512
     225     205          87         583
     225     224          82         803
     225     226          83         805
     225     245          98         504
     226     206          89         729
     226     225          89         795
     226     227          80         474
     226     246          94         465
     227     207          91         810
     227     226          81         726
     227     228          95         451
     227     247          95         522
     228     208          93         520
     228     227          94         479
     228     229          83         474
     228     248          97         524
     229     209          86         570
     229     228          98         690
     229     230          84         673
     229     249          80         607
     230     210          89         584
     230     229          99         674
     230     231          97         645
     230     250          94         813
     231     211          99         726
     231     230          87         627
     231     232          87         713
     231     251          80         759
     232     212          91         746
     232     231          85         626
     232     233          94         556
     232     252          86         581
     233     213          92         681
     233     232          81         717
     233     234          98         561
     233     253          80         559
     234     214          82         492
     234     233          93         632
     234     235          91         663
     234     254          91         647
     235     215          89         502
     235     234          82         623
     235     236          95         429
     235     255          94         494
     236     216          98         672
     236     235          87         746
     236     237          83         760
     236     256         100         807
     237     217          95         612
     237     236          84         484
     237     238          88         565
     237     257          86         631
     238     218          91         761
     238     237          87         449
     238     239          91         771
     238     258          92         585
     239     219          81         615
     239     238          91         451
     239     240          84         630
     239     259          87         649
     240     220          94         464
     240     239          98         460
     240     260          81         695
     241     221          81         531
     241     242          84         485
     241     261          83         776
     242     222          86         612
     242     241          84         809
     242     243          80         480
     242     262          85         701
     243     223          82         503
     243     242          89         475
     243     244          81         494
     243     263          86         454
     244     224          82         500
     244     243          82         686
     244     245          95         801
     244     264          95         811
     245     225          97         785
     245     244          87         731
     245     246          87         696
     245     265          91         809
     246     226          89         707
     246     245          91         442
     246     247          96         577
     246     266          91         809
     247     227          96         539
     247     246          87         643
     247     248          96         763
     247     267          81         436
     248     228         100         432
     248     247          87         656
     248     249          83         722
     248     268          83         711
     249     229          95         524
     249     248          83         490
     249     250          88         564
     249     269          88         686
     250     230          98         788
     250     249          92         697
     250     251          93         469
     250     270          82         691
     251     231          89         550
     251     250          91         738
     251     252          85         700
     251     271          95         509
     252     232         100         669
     252     251         100         452
     252     253          91         680
     252     272          92         595
     253     233          93         724
     253     252          85         641
     253     254          92         583
     253     273          84         641
     254     234          94         572
     254     253          85         603
     254     255          82         705
     254     274         100         810
     255     235          98         649
     255     254          85         592
     255     256          87         477
     255     275          86         744
     256     236          93         765
     256     255          83         654
     256     257          86         788
     256     276          95         469
     257     237          88         565
     257     256          93         623
     257     258          84         672
     257     277          82         693
     258     238          81         609
     258     257          80         705
     258     259          83         425
     258     278         100         626
     259     239          84         445
     259     258          92         660
     259     260          97         621
     259     279          83         820
     260     240          81         627
     260     259          91         583
     260     280          88         672
     261     241          87         759
     261     262          91         643
     261     281          93         522
     262     242          94         422
     262     261          83         695
     262     263          83         526
     262     282         100         714
     263     243          80         803
     263     262          93         645
     263     264          86         487
     263     283         100         476
     264     244          97         652
     264     263         100         474
     264     265          97         766
     264     284          89         752
     265     245          88         519
     265     264          88         763
     265     266          91         425
     265     285          92         732
     266     246         100         550
     266     265          85         781
     266     267          97         482
     266     286          94         754
     267     247          85         502
     267     266          88         469
     267     268          80         520
     267     287          97         701
     268     248          81         546
     268     267         100         753
     268     269          92         551
     268     288          86         509
     269     249          89         527
     269     268          89         700
     269     270          96         494
     269     289          92         795
     270     250          82         747
     270     269          82         622
     270     271          98         617
     270     290          83         614
     271     251          81         719
     271     270          85         446
     271     272          91         528
     271     291          93         775
     272     252          84         571
     272     271          93         461
     272     273          80         456
     272     292         100         498
     273     253          81         757
     273     272          80         559
     273     274          93         801
     273     293          86         657
     274     254          83         728
     274     273          81         670
     274     275          89         501
     274     294          86         600
     275     255          91         639
     275     274          86         520
     275     276          82         591
     275     295          88         562
     276     256          87         751
     276     275          80         613
     276     277          84         709
     276     296          95         697
     277     257          98         582
     277     276          97         551
     277     278          94         516
     277     297          97         717
     278     258          80         482
     278     277          82         611
     278     279          91         584
     278     298          96         779
     279     259          80         485
     279     278          86         681
     279     280          84         731
     279     299          93         807
     280     260         100         704
     280     279         100         480
     280     300          88         745
     281     261          98         477
     281     282          82         535
     281     301          87         759
     282     262          98         676
     282     281          88         676
     282     283          80         523
     282     302          93         617
     283     263          91         448
     283     282          82         637
     283     284          91         565
     283     303          81         617
     284     264          81         764
     284     283          99         780
     284     285         100         700
     284     304          89         443
     285     265          83         654
     285     284          86         649
     285     286          91         561
     285     305          96         785
     286     266          81         436
     286     285          81         786
     286     287          93         538
     286     306          92         590
     287     267          83         653
     287     286          86         723
     287     288          98         724
     287     307          98         558
     288     268          93         547
     288     287          89         728
     288     289          92         708
     288     308          91         440
     289     269          80         631
     289     288          85         713
     289     290         100         669
     289     309          87         605
     290     270          94         520
     290     289          87         704
     290     291          98         439
     290     310          85         617
     291     271          94         592
     291     290          94         699
     291     292          85         594
     291     311          80         535
     292     272          97         632
     292     291         100         728
     292     293          87         645
     292     312         100         421
     293     273          87         427
     293     292          94         509
     293     294          93         777
     293     313          92         612
     294     274          83         668
     294     293          91         736
     294     295          80         612
     294     314          87         621
     295     275          83         736
     295     294          99         595
     295     296          91         644
     295     315          94         820
     296     276         100         512
     296     295          94         731
     296     297          96         628
     296     316          89         792
     297     277          96         798
     297     296          88         666
     297     298          88         567
     297     317          98         474
     298     278          93         691
     298     297          97         692
     298     299          98         568
     298     318         100         805
     299     279          91         489
     299     298          98         455
     299     300          87         429
     299     319         100         786
     300     280          82         475
     300     299          86         619
     300     320          98         424
     301     281          92         467
     301     302          84         556
     301     321          88         654
     302     282          96         530
     302     301          80         778
     302     303         100         716
     302     322          80         736
     303     283          86         791
     303     302          84         508
     303     304          91         434
     303     323          96         785
     304     284          84         442
     304     303          88         548
     304     305          91         650
     304     324          80         647
     305     285          89         497
     305     304          94         520
     305     306          94         819
     305     325          98         432
     306     286          80         621
     306     305          89         683
     306     307          88         637
     306     326          82         632
     307     287          94         589
     307     306          96         650
     307     308          97         585
     307     327          95         611
     308     288          99         762
     308     307          85         621
     308     309          97         460
     308     328          80         701
     309     289          86         663
     309     308          83         634
     309     310          96         458
     309     329          81         501
     310     290          99         507
     310     309          83         768
     310     311          94         768
     310     330          84         597
     311     291          95         747
     311     310          94         588
     311     312          89         635
     311     331          98         719
     312     292          81         503
     312     311          87         762
     312     313          92         471
     312     332          88         743
     313     293          85         735
     313     312          97         749
     313     314          85         753
     313     333          98         748
     314     294          84         613
     314     313          80         684
     314     315          89         489
     314     334          92         550
     315     295          83         570
     315     314          89         560
     315     316          93         610
     315     335          84         513
     316     296          97         469
     316     315          89         426
     316     317         100         643
     316     336          87         462
     317     297         100         776
     317     316          92         714
     317     318          85         437
     317     337          84         504
     318     298          98         781
     318     317         100         803
     318     319          88         501
     318     338          87         563
     319     299          91         541
     319     318          82         539
     319     320          84         715
     319     339          84         459
     320     300          80         598
     320     319          97         816
     320     340          97         576
     321     301          95         525
     321     322          99         549
     321     341          84         739
     322     302          95         748
     322     321          99         587
     322     323         100         512
     322     342          94         669
     323     303          82         669
     323     322          91         511
     323     324          86         565
     323     343          97         681
     324     304          87         785
     324     323          86         542
     324     325          83         616
     324     344          94         529
     325     305         100         566
     325     324         100         626
     325     326          80         565
     325     345          98         638
     326     306          80         483
     326     325          93         555
     326     327          84         817
     326     346          82         644
     327     307          96         680
     327     326          99         520
     327     328          95         621
     327     347          92         575
     328     308          84         536
     328     327          92         707
     328     329          83         686
     328     348          97         806
     329     309          91         650
     329     328          99         737
     329     330          98         734
     329     349          81         688
     330     310          93         640
     330     329          94         758
     330     331          81         472
     330     350          80         765
     331     311         100         686
     331     330          97         618
     331     332          92         615
     331     351         100         495
     332     312          98         615
     332     331          82         518
     332     333          84         456
     332     352          92         790
     333     313          93         460
     333     332          93         755
     333     334          82         618
     333     353          94         473
     334     314          87         675
     334     333          82         783
     334     335          92         663
     334     354          81         787
     335     315          89         757
     335     334          93         788
     335     336         100         624
     335     355          84         648
     336     316          80         448
     336     335          85         801
     336     337          82         513
     336     356          97         763
     337     317          98         668
     337     336          84         558
     337     338          84         474
     337     357          86         534
     338     318          93         749
     338     337          95         709
     338     339          95         437
     338     358          99         638
     339     319          97         734
     339     338          99         611
     339     340          88         750
     339     359          96         423
     340     320          89         495
     340     339          95         499
     340     360          81         629
     341     321          94         609
     341     342          92         442
     341     361          84         448
     342     322          91         711
     342     341          95         423
     342     343          92         779
     342     362          82         753
     343     323          96         556
     343     342          95         467
     343     344          81         472
     343     363          99         525
     344     324          87         571
     344     343          97         446
     344     345         100         491
     344     364          91         717
     345     325          86         814
     345     344          80         656
     345     346          91         490
     345     365          87         807
     346     326          93         537
     346     345          92         749
     346     347          85         686
     346     366          94         525
     347     327          91         540
     347     346          80         692
     347     348          96         497
     347     367          83         667
     348     328          83         588
     348     347          86         623
     348     349          93         506
     348     368          93         778
     349     329          96         764
     349     348          81         526
     349     350          91         517
     349     369          96         542
     350     330          98         609
     350     349          81         431
     350     351          83         649
     350     370          97         672
     351     331          80         522
     351     350          95         455
     351     352          92         651
     351     371          96         528
     352     332          92         475
     352     351          99         596
     352     353          91         789
     352     372          84         669
     353     333          97         510
     353     352          91         790
     353     354          84         667
     353     373          99         739
     354     334          97         482
     354     353          91         745
     354     355          92         549
     354     374          82         530
     355     335          86         697
     355     354          96         467
     355     356          87         746
     355     375          86         601
     356     336          99         531
     356     355          81         590
     356     357          85         819
     356     376          96         689
     357     337          97         674
     357     356          97         614
     357     358          87         578
     357     377          95         711
     358     338         100         462
     358     357          93         576
     358     359          96         626
     358     378          82         578
     359     339          98         772
     359     358          91         661
     359     360          92         809
     359     379          86         431
     360     340          83         732
     360     359         100         663
     360     380          94         755
     361     341          85         706
     361     362          93         711
     361     381          97         610
     362     342          86         433
     362     361          83         448
     362     363          88         653
     362     382          95         469
     363     343          87         522
     363     362          96         484
     363     364          80         615
     363     383          81         642
     364     344          96         539
     364     363         100         666
     364     365          97         573
     364     384          93         757
     365     345          98         489
     365     364          82         601
     365     366          98         764
     365     385          89         486
     366     346          92         806
     366     365          82         667
     366     367          89         809
     366     386          81         676
     367     347          83         738
     367     366          86         753
     367     368          82         506
     367     387          82         533
     368     348          88         749
     368     367          97         705
     368     369          92         528
     368     388          86         748
     369     349          84         691
     369     368          99         718
     369     370          96         712
     369     389          94         697
     370     350          98         514
     370     369          93         463
     370     371          92         583
     370     390          94         809
     371     351          92         478
     371     370          86         783
     371     372          88         587
     371     391          92         631
     372     352          89         422
     372     371          85         751
     372     373          81         693
     372     392          95         495
     373     353          87         661
     373     372         100         720
     373     374          92         423
     373     393          87         493
     374     354          80         467
     374     373          92         559
     374     375          96         577
     374     394          85         686
     375     355          99         702
     375     374          86         512
     375     376          96         711
     375     395          99         654
     376     356          89         559
     376     375          93         659
     376     377          91         637
     376     396          87         691
     377     357          96         583
     377     376          91         431
     377     378         100         799
     377     397         100         770
     378     358          92         720
     378     377          98         554
     378     379          87         592
     378     398          85         787
     379     359          95         776
     379     378          95         464
     379     380          81         694
     379     399         100         589
     380     360          95         429
     380     379          88         785
     380     400          84         457
     381     361          84         511
     381     382         100         567
     382     362          87         691
     382     381          80         429
     382     383          95         521
     383     363          99         718
     383     382          89         575
     383     384          93         679
     384     364          85         698
     384     383          81         721
     384     385          83         608
     385     365          96         563
     385     384          97         747
     385     386          88         617
     386     366          86         438
     386     385          91         620
     386     387          92         467
     387     367          89         507
     387     386          99         607
     387     388          87         641
     388     368          94         485
     388     387          83         750
     388     389          95         526
     389     369          84         587
     389     388          97         765
     389     390          96         664
     390     370          94         800
     390     389          81         806
     390     391          82         607
     391     371          87         479
     391     390          92         731
     391     392          91         620
     392     372          82         451
     392     391          81         726
     392     393          85         798
     393     373          82         548
     393     392          93         797
     393     394          93         600
     394     374          97         538
     394     393          88         817
     394     395          83         541
     395     375          94         687
     395     394         100         435
     395     396          98         623
     396     376          91         470
     396     395          84         788
     396     397          86         627
     397     377          89         424
     397     396          86         591
     397     398          80         627
     398     378          91         648
     398     397         100         500
     398     399          96         636
     399     379          84         592
     399     398          89         621
     399     400         100         464
     400     380         100         441
     400     399          88         677
   364   122          28
   157    88          54
   291    60          16
   363   111          17
   172   371          83
   303   172          99
    78   370          64
   124   125          56
   338    61          50
   313    26          43
   262    45          45
   224    10          17
   290   227          95
   259   311          45
   164   103          89
   158   309          39
   400   397          54
    21   174          49
   202    88          24
     3   396          67
   226   153          78
   365   300          31
    96   243          68
   372   156          90
   172   194          36
     1   248          54
   335   361          97
    98   170          96
   300   329          82
    86   267          32
    31   154          73
   217   112          68
    92   352          15
   231     1          53
    48   221          87
   214    79          57
   389   367          77
   277   313          78
   152    77          89
   296   149          92
   110   123          92
   303   221          47
   256   286          86
    48   107          60
   171   329          55
   321   379          18
   110   391          85
    39   224          40
    11   299          62
   134   287          25
   316    73          94
   341   216          48
   334   101          64
     6   280          82
   209    21          23
   121    97          34
   295   364          55
   218   269          26
   290   376          43
   271    29          91
   322   312          94
   161   278          79
   348   393          85
    34    91          90
     2   383          38
   239   376          98
   162     4          40
   397   274          40
   238     1          11
    38   210          29
   311   141          32
     4    13          45
   288    53          68
    27   166          66
   399    61          16
   357   374          69
    98   244          46
   248   363          59
   202   169          35
    66   208          87
   151    92          50
    67   290          99
   265   176          33
   111   180          32
    28   117          72
    38   102          18
   238   259          15
   280   383          21
   311   392          52
   353   394          96
   288   294          87
   339   266          79
   297   127          66
   294   285          15
   345   105          47
   189    32          34
   119   400          95
   182    73         100
   127   382          93
   291   235          45
   164   291          99
   152   351          58
   248   116          58
   102   103          33
   284   400          51
   161   263          56
    46   143          92
    33    44          83
   202    91          11
   132    20          97
   218    78          76
   117   361          44
   146   332          47
   193   257          96
   281   326          61
   227    42          38
    97   359          14
   205    46          32
   135   161          74
    97   169          27
   366   214          92
   334    73          43
   331   238          33
   397   392          23
     9   231          62
   241    89          28
   264   115          40
   320   243          19
   193   319         100
   243   359          96
    92   328          45
   156   132          53
   234   127          17
     7   204          39
    10   391          97
   308   227          13
   202   125          61
   151   163          87
   278   286          46
    10    22          56
   222   288          27
   302    81          48
    19     4          21
    15    22          86
   380    29          82
   181    41          68
   203   289          15
   117   345          39
   136    55          33
    66    36          26
    29   364          54
   157    60          76
   370   200          91
    19   125          87
   106   193          31
   196    64          76
   169   303          37
   212   146          55
    72   237          39
    96   132          53
   258   190          29
   135   336          36
    26   280          98
   185   120          93
     8   226          38
   232   341          81
   225   271          33
    69   365          57
   310    92          77
   151   347          27
    29   355          99
    44    80          13
    47    66          98
   337   240          21
   114   262          51
   178   348         100
    63    45          15
   364    99          46
   184   389          52
   321   148          63
   352   198          75
   350   347          32
   161   379          24
   115     7          60
   366    93          53
    15    64          31
   295   315          41
   252   106          77
   174   164          21
   159   180          52
   190   331          62
    52   235          21
   365   395          78
   308    57          44
   168   172          88
   224    24          59
    16    54          81
   104   169          50
   175    88          25
   267    63          56
   244   179          16
   184   204          59
    46   205          62
   180   307          91
   241   238          56
   130    90          83
   345   153          40
   333   395          94
   116   254          46
    37    55          18
   381   103          69
   379   296          59
   244   250          84
    75    55          73
   232   179          47
   247   276          35
   257   265          35
   188   246          53
   163   202          69
   101   223          86
   159    23          97
   320    52          22
   277   343          22
   312   123          53
   302   300          92
   102   313          61
   194   225          64
   308   111          51
   327   267          29
   383    35          38
   377   262          40
   173   303          56
   178    51          75
   360   260          87
   116   377          48
   249    25          89
   110     6          55
   265   159          78
   188   270          30
   200   254          50
   395   320          24
   182   268          59
   389   396          86
    19    73          91
    51    59          61
   145   374          35
   378   229          82
    16   166          36
    87    76          12
    91   165          58
    15   143          65
   269   158          89
   196    72          43
    23   160          97
    29   309          87
   186     9          76
   398   263          16
   140   232          26
    17   146          16
   258   283          92
   149   305          88
   118    20          87
   186   100          29
   244   303          77
    23   362          97
    77   175          16
   261   103          20
   268   197          93
    92   158          34
    14   315          68
   358    90          46
   281   253          18
    98    91          78
   267   235          61
    40   120          63
   357   399          58
   348   259          59
   154   256          28
   374   278          71
    75    17          70
    35   271          59
   167    52          38
   393   309          98
   267    92          93
   294    97          47
    82   241          91
   381   350          52
   173   339          79
   316    27          70
   337    80          54
   187   332          55
    84    80          50
   224   399          67
   246   347         100
   195   196          19
   125   323          24
   228   351          25
    18   351          17
   341   100          65
    45   222          30
   167   271          74
   135   164          71
     8   381          12
   270   159          19
   156     5          73
   250   190          93
   203    14          82
   295   235          62
    47   276          93
   381   391          20
    31   166          37
   261     3          29
    18   185          77
   142    76          74
    75   363          88
   195   243          34
   399   265          84
   400   168          43
   302   278          58
   357   198          26
   257   323          36
   292    60          78
   294   266          53
   381   279          79
    34   365          11
   390   171          24
   236    31          24
   249    55          45
   178   246          82
   157   325          78
    54   173          26
   372   338          28
   250   309          41
    73   247          54
   327   395          17
   244   377          49
    40   287          64
   175   305          41
   385   306          74
   123   176          42
   398   318          54
   195     4          25
   398   216          75
     2   139          49
    91   140          67
   235   344          61
    78   253          75
   341    66          51
   398   335          90
   366   352          32
     2   389          52
    13   110          37
   161    68          63
    94   312          28
   163   119          92
   335    95          85
   198     8          14
    62   389          28
   177   375          43
   235   232          86
   197    63          47
   153   372          95
   136    15          52
   230    17          52
   194   222          33
   361    44          27
   144   273          44
   272   348          81
   158   148          25
   173   290          59
   332   309          93
   320    56          49
   189   184          65
    50    60          98
   163    42          88
   310   275          62
    47   245          37
   347    99          75
    56   217          43
   379   255          28
   111    51          56
    58   141          88
   127   268          55
     1    34          26
   104   370          37
   318   116          11
   258   349          16
   116   381          82
    73   319          48
   260    34          53
   322    84          61
    91   224          66
   347     4          67
   154   305          51
   358     7          49
   388   373          88
   191   350          22
   221   372          44
   323   246          65
     7   150          61
